GMM segmentation results:
UE: 31.940744535519126
ASA: 6.68143942526164e-05
BR: 77.49645533231309
Compactness: 23.333048986960307
Time: 131.42112970352173

Optimized k-means segmentation results:
UE: 31.421496877439502
ASA: 8.341873848152806e-05
BR: 74.67444120016516
Compactness: 15.001320561865654
Time: 2.1521482467651367
